name: myosuite2
channels:
  - defaults
  - conda-forge
dependencies:
  - absl-py=2.1.0=py38hca03da5_0
  - brotli-python=1.0.9=py38h313beb8_8
  - bzip2=1.0.8=h80987f9_5
  - c-ares=1.19.1=h80987f9_0
  - ca-certificates=2024.3.11=hca03da5_0
  - certifi=2024.2.2=py38hca03da5_0
  - charset-normalizer=2.0.4=pyhd3eb1b0_0
  - click=8.1.7=py38hca03da5_0
  - dm-control=1.0.14=pyhd8ed1ab_0
  - dm-env=1.6=pyhd8ed1ab_0
  - dm-tree=0.1.7=py38h313beb8_1
  - freetype=2.12.1=h1192e45_0
  - glfw=3.4=h93a5062_0
  - gym-notices=0.0.8=pyhd8ed1ab_0
  - h5py=3.9.0=py38haafd478_0
  - hdf5=1.12.1=h05c076b_3
  - icu=73.1=h313beb8_0
  - idna=3.7=py38hca03da5_0
  - importlib-metadata=7.0.1=py38hca03da5_0
  - importlib_metadata=7.0.1=hd3eb1b0_0
  - jpeg=9e=h80987f9_1
  - krb5=1.20.1=hf3e1bf2_1
  - labmaze=1.0.6=py38h9311b1e_7
  - lcms2=2.12=hba8e193_0
  - lerc=3.0=hc377ac9_0
  - libabseil=20230802.1=cxx17_h13dd4ca_0
  - libblas=3.9.0=16_osxarm64_openblas
  - libcblas=3.9.0=16_osxarm64_openblas
  - libccd-double=2.1=h9a09cb3_2
  - libcurl=8.5.0=h3e2b118_0
  - libcxx=16.0.6=h4653b0c_0
  - libdeflate=1.17=h80987f9_1
  - libedit=3.1.20230828=h80987f9_0
  - libev=4.33=h1a28f6b_1
  - libffi=3.4.4=hca03da5_1
  - libgfortran=5.0.0=11_3_0_hca03da5_28
  - libgfortran5=11.3.0=h009349e_28
  - libiconv=1.16=h80987f9_3
  - liblapack=3.9.0=16_osxarm64_openblas
  - libmujoco=2.3.7=hd8f70b8_2
  - libnghttp2=1.57.0=h62f6fdd_0
  - libopenblas=0.3.21=h269037a_0
  - libpng=1.6.39=h80987f9_0
  - libprotobuf=3.20.3=h514c7bf_0
  - libsqlite=3.45.3=h091b4b1_0
  - libssh2=1.10.0=h02f6b3c_2
  - libtiff=4.5.1=h313beb8_0
  - libwebp-base=1.3.2=h80987f9_0
  - libxml2=2.10.4=h0b34f26_2
  - libxslt=1.1.37=h80987f9_1
  - libzlib=1.2.13=h53f4e23_5
  - llvm-openmp=14.0.6=hc6e5704_0
  - lodepng=20220109=hf86a087_0
  - lxml=4.9.3=py38h50ffb84_0
  - lz4-c=1.9.4=h313beb8_0
  - mujoco=2.3.7=hce30654_2
  - mujoco-python=2.3.7=py38h035fef2_2
  - ncurses=6.4.20240210=h078ce10_0
  - numpy=1.23.5=py38h09ac2d9_0
  - openjpeg=2.3.0=h7a6adac_2
  - openssl=3.3.0=h0d3ecfb_0
  - packaging=23.2=py38hca03da5_0
  - pillow=10.3.0=py38h80987f9_0
  - pip=23.3.1=py38hca03da5_0
  - platformdirs=3.10.0=py38hca03da5_0
  - pooch=1.7.0=py38hca03da5_0
  - protobuf=3.20.3=py38h313beb8_0
  - pybind11-abi=4=hd3eb1b0_1
  - pyglfw=2.7.0=py38h10201cd_0
  - pyopengl=3.1.6=pyhd8ed1ab_1
  - pyparsing=3.0.9=py38hca03da5_0
  - pysocks=1.7.1=py38hca03da5_0
  - python=3.8.19=h2469fbe_0_cpython
  - python_abi=3.8=4_cp38
  - qhull=2020.2=h48ca7d4_2
  - readline=8.2=h1a28f6b_0
  - requests=2.31.0=py38hca03da5_1
  - scipy=1.10.0=py38h7b4f323_2
  - setuptools=68.2.2=py38hca03da5_0
  - sk-video=1.1.10=pyh24bf2e0_4
  - sqlite=3.45.3=h80987f9_0
  - termcolor=2.1.0=py38hca03da5_0
  - tinyxml2=9.0.0=hbdafb3b_2
  - tk=8.6.13=h5083fa2_1
  - tqdm=4.65.0=py38h86d0a89_0
  - urllib3=2.1.0=py38hca03da5_1
  - wheel=0.41.2=py38hca03da5_0
  - xz=5.4.6=h80987f9_0
  - zipp=3.17.0=py38hca03da5_0
  - zlib=1.2.13=h53f4e23_5
  - zstd=1.5.5=hd90d995_0
  - pip:
      - cloudpickle==1.2.2
      - gym==0.13.0
      - pink-noise-rl==2.0.1
      - pyglet==2.0.15
      - six==1.16.0
prefix: /Users/hannah/miniconda3/envs/myosuite
